444038793	2184015
564224912	1565894
429551228	1540771
684638644	1227706
662006972	806775
534383388	684604
662017084	594427
511095846	585435
528452180	555099
620009127	522810
250208038	516845
418848852	512798
436041479	426889
222505696	426799
496034038	424505
356011647	409896
598009001	393254
697942741	391388
668295420	373113
616034077	367667
623751289	366019
528734054	361997
681988717	356955
571344774	353948
348002433	351858
544353788	346780
600029786	344421
494617035	339582
583676719	334046
506566991	331011
670604767	318031
706371936	317393
583677093	296077
436041382	295952
661535205	295158
650425841	283119
508141208	280901
641643004	275592
531565064	249736
678502279	242013
65600975	231958
488121371	229948
285902689	219759
662012950	213584
625580055	211207
610277664	205284
352069365	201602
183440182	201504
519576283	200999
240272766	200255
605828707	198579
649700202	198202
574591205	197129
645199239	197113
348733955	196475
602856082	195455
486866465	194522
326797979	193586
273106075	193383
457470784	192552
535755772	191314
408894306	191229
408476462	189019
277422872	187867
4542716	186137
443946633	186113
330914717	185170
304803282	181481
2209077	181157
660895073	180710
138676186	177568
197275551	174902
362203021	174688
636660996	172781
100839303	171413
283608703	169848
364538257	169403
568383720	168267
375606969	167000
653179564	163767
324098418	162245
280470919	161781
690553646	160903
666264306	157715
600620885	157138
290811179	156744
585391789	156104
620715659	152925
662825946	152794
52855516	152635
411743137	148927
664113787	148603
678894831	147327
568383475	146085
19745004	143210
603317401	141035
409344435	140680
614822894	137454
561366239	136464
411234540	135750
